{
    "aria01_rgb": {
        "frame_path": "aria01_rgb/012960.jpg",
        "frame_number": 12960,
        "capture_frame_number": 47013,
        "t": 1630378056.437,
        "camera_data": {
            "name": "214-1",
            "center": [
                0.675133,
                -1.565832,
                0.15521
            ],
            "T_device_world": [
                [
                    0.1971264545119165,
                    0.4554266721785871,
                    -0.8681749283239606,
                    0.7147845129619095
                ],
                [
                    0.9453484511367979,
                    0.1463023118539662,
                    0.29139653118162157,
                    -0.4543787498911197
                ],
                [
                    0.2597257511977468,
                    -0.8781697892319926,
                    -0.40169684296432223,
                    -1.4880684159996054
                ],
                [
                    0.0,
                    0.0,
                    0.0,
                    1.0
                ]
            ],
            "T_world_device": [
                [
                    0.19712645396712822,
                    0.9453484520923939,
                    0.2597257520971788,
                    0.675133
                ],
                [
                    0.4554266721734844,
                    0.14630231127469126,
                    -0.8781697905777841,
                    -1.565832
                ],
                [
                    -0.8681749296362549,
                    0.2913965321292593,
                    -0.4016968439154409,
                    0.15521
                ],
                [
                    0.0,
                    0.0,
                    0.0,
                    1.0
                ]
            ],
            "T_device_camera": [
                [
                    0.9949116602061657,
                    -0.04468574270869347,
                    0.09029935096324543,
                    -0.004575713378522971
                ],
                [
                    0.09165965645029461,
                    0.7735134475508477,
                    -0.6271167784690631,
                    -0.01210565032493187
                ],
                [
                    -0.04182458326421068,
                    0.6322026026967734,
                    0.773673428119514,
                    -0.005240008141076015
                ],
                [
                    0.0,
                    0.0,
                    0.0,
                    1.0
                ]
            ],
            "T_camera_device": [
                [
                    0.994911660206166,
                    0.0916596564502946,
                    -0.04182458326421066,
                    0.005442869187142931
                ],
                [
                    -0.044685742708693466,
                    0.7735134475508479,
                    0.6322026026967735,
                    0.012472160951882229
                ],
                [
                    0.09029935096324544,
                    -0.6271167784690629,
                    0.7736734281195139,
                    -0.0031244174228893347
                ],
                [
                    0.0,
                    0.0,
                    0.0,
                    1.0
                ]
            ],
            "camera_type": "aria",
            "device_row": {
                "graph_uid": "07a99a9c-d98f-fb3e-fa91-d3ba5666ee26",
                "tracking_timestamp_us": 1630378148,
                "utc_timestamp_ns": 1689430437095603239,
                "tx_world_device": 0.675133,
                "ty_world_device": -1.565832,
                "tz_world_device": 0.15521,
                "qx_world_device": -0.602602893,
                "qy_world_device": -0.581135247,
                "qz_world_device": 0.25242543,
                "qw_world_device": -0.485214366,
                "device_linear_velocity_x_device": -0.019857,
                "device_linear_velocity_y_device": -0.055126,
                "device_linear_velocity_z_device": 0.055304,
                "angular_velocity_x_device": -0.024069,
                "angular_velocity_y_device": 0.04038,
                "angular_velocity_z_device": 0.047467,
                "gravity_x_world": 0.0,
                "gravity_y_world": 0.0,
                "gravity_z_world": -9.81,
                "quality_score": 1.0,
                "geo_available": 0,
                "tx_ecef_device": 0.0,
                "ty_ecef_device": 0.0,
                "tz_ecef_device": 0.0,
                "qx_ecef_device": 0.0,
                "qy_ecef_device": 0.0,
                "qz_ecef_device": 0.0,
                "qw_ecef_device": 1.0
            }
        },
        "_raw_camera": {
            "graph_uid": "07a99a9c-d98f-fb3e-fa91-d3ba5666ee26",
            "tracking_timestamp_us": 1630378148,
            "utc_timestamp_ns": 1689430437095603239,
            "tx_world_device": 0.675133,
            "ty_world_device": -1.565832,
            "tz_world_device": 0.15521,
            "qx_world_device": -0.602602893,
            "qy_world_device": -0.581135247,
            "qz_world_device": 0.25242543,
            "qw_world_device": -0.485214366,
            "device_linear_velocity_x_device": -0.019857,
            "device_linear_velocity_y_device": -0.055126,
            "device_linear_velocity_z_device": 0.055304,
            "angular_velocity_x_device": -0.024069,
            "angular_velocity_y_device": 0.04038,
            "angular_velocity_z_device": 0.047467,
            "gravity_x_world": 0.0,
            "gravity_y_world": 0.0,
            "gravity_z_world": -9.81,
            "quality_score": 1.0,
            "geo_available": 0,
            "tx_ecef_device": 0.0,
            "ty_ecef_device": 0.0,
            "tz_ecef_device": 0.0,
            "qx_ecef_device": 0.0,
            "qy_ecef_device": 0.0,
            "qz_ecef_device": 0.0,
            "qw_ecef_device": 1.0
        }
    },
    "aria01_slam-left": {
        "frame_path": "aria01_slam-left/012960.jpg",
        "frame_number": 12960,
        "capture_frame_number": 47015,
        "t": 1630378148.825,
        "camera_data": {
            "name": "1201-1",
            "center": [
                0.675133,
                -1.565832,
                0.15521
            ],
            "T_device_world": [
                [
                    0.1971264545119165,
                    0.4554266721785871,
                    -0.8681749283239606,
                    0.7147845129619095
                ],
                [
                    0.9453484511367979,
                    0.1463023118539662,
                    0.29139653118162157,
                    -0.4543787498911197
                ],
                [
                    0.2597257511977468,
                    -0.8781697892319926,
                    -0.40169684296432223,
                    -1.4880684159996054
                ],
                [
                    0.0,
                    0.0,
                    0.0,
                    1.0
                ]
            ],
            "T_world_device": [
                [
                    0.19712645396712822,
                    0.9453484520923939,
                    0.2597257520971788,
                    0.675133
                ],
                [
                    0.4554266721734844,
                    0.14630231127469126,
                    -0.8781697905777841,
                    -1.565832
                ],
                [
                    -0.8681749296362549,
                    0.2913965321292593,
                    -0.4016968439154409,
                    0.15521
                ],
                [
                    0.0,
                    0.0,
                    0.0,
                    1.0
                ]
            ],
            "T_device_camera": [
                [
                    1.0,
                    0.0,
                    0.0,
                    1.734723475976807e-18
                ],
                [
                    0.0,
                    1.0,
                    0.0,
                    -5.551115123125783e-17
                ],
                [
                    0.0,
                    0.0,
                    1.0,
                    -2.081668171172169e-17
                ],
                [
                    0.0,
                    0.0,
                    0.0,
                    1.0
                ]
            ],
            "T_camera_device": [
                [
                    1.0,
                    0.0,
                    0.0,
                    -1.734723475976807e-18
                ],
                [
                    0.0,
                    1.0,
                    0.0,
                    5.551115123125783e-17
                ],
                [
                    0.0,
                    0.0,
                    1.0,
                    2.081668171172169e-17
                ],
                [
                    0.0,
                    0.0,
                    0.0,
                    1.0
                ]
            ],
            "camera_type": "aria",
            "device_row": {
                "graph_uid": "07a99a9c-d98f-fb3e-fa91-d3ba5666ee26",
                "tracking_timestamp_us": 1630378148,
                "utc_timestamp_ns": 1689430437095603239,
                "tx_world_device": 0.675133,
                "ty_world_device": -1.565832,
                "tz_world_device": 0.15521,
                "qx_world_device": -0.602602893,
                "qy_world_device": -0.581135247,
                "qz_world_device": 0.25242543,
                "qw_world_device": -0.485214366,
                "device_linear_velocity_x_device": -0.019857,
                "device_linear_velocity_y_device": -0.055126,
                "device_linear_velocity_z_device": 0.055304,
                "angular_velocity_x_device": -0.024069,
                "angular_velocity_y_device": 0.04038,
                "angular_velocity_z_device": 0.047467,
                "gravity_x_world": 0.0,
                "gravity_y_world": 0.0,
                "gravity_z_world": -9.81,
                "quality_score": 1.0,
                "geo_available": 0,
                "tx_ecef_device": 0.0,
                "ty_ecef_device": 0.0,
                "tz_ecef_device": 0.0,
                "qx_ecef_device": 0.0,
                "qy_ecef_device": 0.0,
                "qz_ecef_device": 0.0,
                "qw_ecef_device": 1.0
            }
        },
        "_raw_camera": {
            "graph_uid": "07a99a9c-d98f-fb3e-fa91-d3ba5666ee26",
            "tracking_timestamp_us": 1630378148,
            "utc_timestamp_ns": 1689430437095603239,
            "tx_world_device": 0.675133,
            "ty_world_device": -1.565832,
            "tz_world_device": 0.15521,
            "qx_world_device": -0.602602893,
            "qy_world_device": -0.581135247,
            "qz_world_device": 0.25242543,
            "qw_world_device": -0.485214366,
            "device_linear_velocity_x_device": -0.019857,
            "device_linear_velocity_y_device": -0.055126,
            "device_linear_velocity_z_device": 0.055304,
            "angular_velocity_x_device": -0.024069,
            "angular_velocity_y_device": 0.04038,
            "angular_velocity_z_device": 0.047467,
            "gravity_x_world": 0.0,
            "gravity_y_world": 0.0,
            "gravity_z_world": -9.81,
            "quality_score": 1.0,
            "geo_available": 0,
            "tx_ecef_device": 0.0,
            "ty_ecef_device": 0.0,
            "tz_ecef_device": 0.0,
            "qx_ecef_device": 0.0,
            "qy_ecef_device": 0.0,
            "qz_ecef_device": 0.0,
            "qw_ecef_device": 1.0
        }
    },
    "aria01_slam-right": {
        "frame_path": "aria01_slam-right/012960.jpg",
        "frame_number": 12960,
        "capture_frame_number": 47015,
        "t": 1630378148.8,
        "camera_data": {
            "name": "1201-2",
            "center": [
                0.675133,
                -1.565832,
                0.15521
            ],
            "T_device_world": [
                [
                    0.1971264545119165,
                    0.4554266721785871,
                    -0.8681749283239606,
                    0.7147845129619095
                ],
                [
                    0.9453484511367979,
                    0.1463023118539662,
                    0.29139653118162157,
                    -0.4543787498911197
                ],
                [
                    0.2597257511977468,
                    -0.8781697892319926,
                    -0.40169684296432223,
                    -1.4880684159996054
                ],
                [
                    0.0,
                    0.0,
                    0.0,
                    1.0
                ]
            ],
            "T_world_device": [
                [
                    0.19712645396712822,
                    0.9453484520923939,
                    0.2597257520971788,
                    0.675133
                ],
                [
                    0.4554266721734844,
                    0.14630231127469126,
                    -0.8781697905777841,
                    -1.565832
                ],
                [
                    -0.8681749296362549,
                    0.2913965321292593,
                    -0.4016968439154409,
                    0.15521
                ],
                [
                    0.0,
                    0.0,
                    0.0,
                    1.0
                ]
            ],
            "T_device_camera": [
                [
                    0.9983687476787853,
                    -0.037725456444631225,
                    0.042855963346285775,
                    0.004860782659627737
                ],
                [
                    0.050151413170812995,
                    0.22068855911937524,
                    -0.9740541030306195,
                    -0.1104962130658922
                ],
                [
                    0.02728881483803139,
                    0.9746144621386749,
                    0.2222205453482584,
                    -0.08936100973322811
                ],
                [
                    0.0,
                    0.0,
                    0.0,
                    1.0
                ]
            ],
            "T_camera_device": [
                [
                    0.9983687476787854,
                    0.050151413170812995,
                    0.0272888148380314,
                    0.0031272437869960283
                ],
                [
                    -0.03772545644463121,
                    0.22068855911937518,
                    0.9746144621386746,
                    0.11166115773149081
                ],
                [
                    0.04285596334628579,
                    -0.9740541030306193,
                    0.22222054534825839,
                    -0.08797975091388412
                ],
                [
                    0.0,
                    0.0,
                    0.0,
                    1.0
                ]
            ],
            "camera_type": "aria",
            "device_row": {
                "graph_uid": "07a99a9c-d98f-fb3e-fa91-d3ba5666ee26",
                "tracking_timestamp_us": 1630378148,
                "utc_timestamp_ns": 1689430437095603239,
                "tx_world_device": 0.675133,
                "ty_world_device": -1.565832,
                "tz_world_device": 0.15521,
                "qx_world_device": -0.602602893,
                "qy_world_device": -0.581135247,
                "qz_world_device": 0.25242543,
                "qw_world_device": -0.485214366,
                "device_linear_velocity_x_device": -0.019857,
                "device_linear_velocity_y_device": -0.055126,
                "device_linear_velocity_z_device": 0.055304,
                "angular_velocity_x_device": -0.024069,
                "angular_velocity_y_device": 0.04038,
                "angular_velocity_z_device": 0.047467,
                "gravity_x_world": 0.0,
                "gravity_y_world": 0.0,
                "gravity_z_world": -9.81,
                "quality_score": 1.0,
                "geo_available": 0,
                "tx_ecef_device": 0.0,
                "ty_ecef_device": 0.0,
                "tz_ecef_device": 0.0,
                "qx_ecef_device": 0.0,
                "qy_ecef_device": 0.0,
                "qz_ecef_device": 0.0,
                "qw_ecef_device": 1.0
            }
        },
        "_raw_camera": {
            "graph_uid": "07a99a9c-d98f-fb3e-fa91-d3ba5666ee26",
            "tracking_timestamp_us": 1630378148,
            "utc_timestamp_ns": 1689430437095603239,
            "tx_world_device": 0.675133,
            "ty_world_device": -1.565832,
            "tz_world_device": 0.15521,
            "qx_world_device": -0.602602893,
            "qy_world_device": -0.581135247,
            "qz_world_device": 0.25242543,
            "qw_world_device": -0.485214366,
            "device_linear_velocity_x_device": -0.019857,
            "device_linear_velocity_y_device": -0.055126,
            "device_linear_velocity_z_device": 0.055304,
            "angular_velocity_x_device": -0.024069,
            "angular_velocity_y_device": 0.04038,
            "angular_velocity_z_device": 0.047467,
            "gravity_x_world": 0.0,
            "gravity_y_world": 0.0,
            "gravity_z_world": -9.81,
            "quality_score": 1.0,
            "geo_available": 0,
            "tx_ecef_device": 0.0,
            "ty_ecef_device": 0.0,
            "tz_ecef_device": 0.0,
            "qx_ecef_device": 0.0,
            "qy_ecef_device": 0.0,
            "qz_ecef_device": 0.0,
            "qw_ecef_device": 1.0
        }
    },
    "gp01_0": {
        "frame_path": "gp01_0/012960.jpg",
        "frame_number": 12960,
        "capture_frame_number": 67076,
        "t": null,
        "camera_data": {
            "name": "gp01",
            "center": [
                1.2042,
                -2.393708,
                0.360359
            ],
            "T_device_world": [
                [
                    0.7721709415734642,
                    0.6352270854539808,
                    0.015443634420705572,
                    0.5851346557689012
                ],
                [
                    0.32109127871954934,
                    -0.369108795286924,
                    -0.8721574404351106,
                    -0.9559070109049977
                ],
                [
                    -0.5483177424347349,
                    0.6784134138427096,
                    -0.48898094394241803,
                    2.4604165254406585
                ],
                [
                    0.0,
                    0.0,
                    0.0,
                    1.0
                ]
            ],
            "T_world_device": [
                [
                    0.772170897566,
                    0.32109128486399996,
                    -0.5483179486280001,
                    1.2042
                ],
                [
                    0.635227264032,
                    -0.36910905974399977,
                    0.678413820696,
                    -2.393708
                ],
                [
                    0.015443737684000036,
                    -0.872157884712,
                    -0.48898123155399975,
                    0.360359
                ],
                [
                    0.0,
                    0.0,
                    0.0,
                    1.0
                ]
            ],
            "T_device_camera": [
                [
                    1.0,
                    0.0,
                    0.0,
                    0.0
                ],
                [
                    0.0,
                    1.0,
                    0.0,
                    0.0
                ],
                [
                    0.0,
                    0.0,
                    1.0,
                    0.0
                ],
                [
                    0.0,
                    0.0,
                    0.0,
                    1.0
                ]
            ],
            "T_camera_device": [
                [
                    1.0,
                    0.0,
                    0.0,
                    0.0
                ],
                [
                    0.0,
                    1.0,
                    0.0,
                    0.0
                ],
                [
                    0.0,
                    0.0,
                    1.0,
                    0.0
                ],
                [
                    0.0,
                    0.0,
                    0.0,
                    1.0
                ]
            ],
            "camera_type": "colmap",
            "device_row": {
                "cam_uid": "gp01",
                "graph_uid": "07a99a9c-d98f-fb3e-fa91-d3ba5666ee26",
                "tx_world_cam": 1.2042,
                "ty_world_cam": -2.393708,
                "tz_world_cam": 0.360359,
                "qx_world_cam": -0.810904,
                "qy_world_cam": -0.294831,
                "qz_world_cam": 0.164284,
                "qw_world_cam": 0.478038,
                "image_width": 3840,
                "image_height": 2160,
                "intrinsics_type": "KANNALABRANDTK3",
                "intrinsics_0": 1782.346924,
                "intrinsics_1": 1782.346924,
                "intrinsics_2": 1920.0,
                "intrinsics_3": 1080.0,
                "intrinsics_4": 0.036902,
                "intrinsics_5": 0.057131,
                "intrinsics_6": -0.057154,
                "intrinsics_7": 0.018458,
                "start_frame_idx": -1,
                "end_frame_idx": -1
            }
        },
        "_raw_camera": {
            "cam_uid": "gp01",
            "graph_uid": "07a99a9c-d98f-fb3e-fa91-d3ba5666ee26",
            "tx_world_cam": 1.2042,
            "ty_world_cam": -2.393708,
            "tz_world_cam": 0.360359,
            "qx_world_cam": -0.810904,
            "qy_world_cam": -0.294831,
            "qz_world_cam": 0.164284,
            "qw_world_cam": 0.478038,
            "image_width": 3840,
            "image_height": 2160,
            "intrinsics_type": "KANNALABRANDTK3",
            "intrinsics_0": 1782.346924,
            "intrinsics_1": 1782.346924,
            "intrinsics_2": 1920.0,
            "intrinsics_3": 1080.0,
            "intrinsics_4": 0.036902,
            "intrinsics_5": 0.057131,
            "intrinsics_6": -0.057154,
            "intrinsics_7": 0.018458,
            "start_frame_idx": -1,
            "end_frame_idx": -1
        }
    },
    "gp02_0": {
        "frame_path": "gp02_0/012960.jpg",
        "frame_number": 12960,
        "capture_frame_number": 67005,
        "t": null,
        "camera_data": {
            "name": "gp02",
            "center": [
                0.48447,
                -2.527351,
                0.607054
            ],
            "T_device_world": [
                [
                    0.9973074241481082,
                    0.0729615955415552,
                    -0.0073831688213848445,
                    -0.294283984157792
                ],
                [
                    0.040475754451594896,
                    -0.6316081386239802,
                    -0.7742320166734126,
                    -1.1459041068689573
                ],
                [
                    -0.061152423561039275,
                    0.7718485006247245,
                    -0.632860662461613,
                    2.3645391911349867
                ],
                [
                    0.0,
                    0.0,
                    0.0,
                    1.0
                ]
            ],
            "T_world_device": [
                [
                    0.997307426598,
                    0.040475740950000005,
                    -0.06115232931200001,
                    0.48447
                ],
                [
                    0.07296150583000001,
                    -0.6316066540740001,
                    0.7718466882000001,
                    -2.527351
                ],
                [
                    -0.007383200712,
                    -0.77423020208,
                    -0.6328591767720001,
                    0.607054
                ],
                [
                    0.0,
                    0.0,
                    0.0,
                    1.0
                ]
            ],
            "T_device_camera": [
                [
                    1.0,
                    0.0,
                    0.0,
                    0.0
                ],
                [
                    0.0,
                    1.0,
                    0.0,
                    0.0
                ],
                [
                    0.0,
                    0.0,
                    1.0,
                    0.0
                ],
                [
                    0.0,
                    0.0,
                    0.0,
                    1.0
                ]
            ],
            "T_camera_device": [
                [
                    1.0,
                    0.0,
                    0.0,
                    0.0
                ],
                [
                    0.0,
                    1.0,
                    0.0,
                    0.0
                ],
                [
                    0.0,
                    0.0,
                    1.0,
                    0.0
                ],
                [
                    0.0,
                    0.0,
                    0.0,
                    1.0
                ]
            ],
            "camera_type": "colmap",
            "device_row": {
                "cam_uid": "gp02",
                "graph_uid": "07a99a9c-d98f-fb3e-fa91-d3ba5666ee26",
                "tx_world_cam": 0.48447,
                "ty_world_cam": -2.527351,
                "tz_world_cam": 0.607054,
                "qx_world_cam": -0.903019,
                "qy_world_cam": -0.031405,
                "qz_world_cam": 0.018974,
                "qw_world_cam": 0.42803,
                "image_width": 3840,
                "image_height": 2160,
                "intrinsics_type": "KANNALABRANDTK3",
                "intrinsics_0": 1769.224854,
                "intrinsics_1": 1769.224854,
                "intrinsics_2": 1920.0,
                "intrinsics_3": 1080.0,
                "intrinsics_4": 0.036902,
                "intrinsics_5": 0.057131,
                "intrinsics_6": -0.057154,
                "intrinsics_7": 0.018458,
                "start_frame_idx": -1,
                "end_frame_idx": -1
            }
        },
        "_raw_camera": {
            "cam_uid": "gp02",
            "graph_uid": "07a99a9c-d98f-fb3e-fa91-d3ba5666ee26",
            "tx_world_cam": 0.48447,
            "ty_world_cam": -2.527351,
            "tz_world_cam": 0.607054,
            "qx_world_cam": -0.903019,
            "qy_world_cam": -0.031405,
            "qz_world_cam": 0.018974,
            "qw_world_cam": 0.42803,
            "image_width": 3840,
            "image_height": 2160,
            "intrinsics_type": "KANNALABRANDTK3",
            "intrinsics_0": 1769.224854,
            "intrinsics_1": 1769.224854,
            "intrinsics_2": 1920.0,
            "intrinsics_3": 1080.0,
            "intrinsics_4": 0.036902,
            "intrinsics_5": 0.057131,
            "intrinsics_6": -0.057154,
            "intrinsics_7": 0.018458,
            "start_frame_idx": -1,
            "end_frame_idx": -1
        }
    },
    "gp03_0": {
        "frame_path": "gp03_0/012960.jpg",
        "frame_number": 12960,
        "capture_frame_number": 67140,
        "t": null,
        "camera_data": {
            "name": "gp03",
            "center": [
                -0.488663,
                -1.991669,
                0.588011
            ],
            "T_device_world": [
                [
                    0.5092366121795825,
                    -0.8605648822303522,
                    -0.010304538528935103,
                    -1.4590561258043941
                ],
                [
                    -0.5107205403654907,
                    -0.29253687464932093,
                    -0.8084471400942387,
                    -0.3568310447186071
                ],
                [
                    0.6927067414795495,
                    0.41695363309321615,
                    -0.5884786540604307,
                    1.5149657017334819
                ],
                [
                    0.0,
                    0.0,
                    0.0,
                    1.0
                ]
            ],
            "T_world_device": [
                [
                    0.5092366308540001,
                    -0.510720530636,
                    0.69270669562,
                    -0.488663
                ],
                [
                    -0.86056483978,
                    -0.292536825466,
                    0.416953583236,
                    -1.991669
                ],
                [
                    -0.010304518636000015,
                    -0.8084470753399999,
                    -0.588478593616,
                    0.588011
                ],
                [
                    0.0,
                    0.0,
                    0.0,
                    1.0
                ]
            ],
            "T_device_camera": [
                [
                    1.0,
                    0.0,
                    0.0,
                    0.0
                ],
                [
                    0.0,
                    1.0,
                    0.0,
                    0.0
                ],
                [
                    0.0,
                    0.0,
                    1.0,
                    0.0
                ],
                [
                    0.0,
                    0.0,
                    0.0,
                    1.0
                ]
            ],
            "T_camera_device": [
                [
                    1.0,
                    0.0,
                    0.0,
                    0.0
                ],
                [
                    0.0,
                    1.0,
                    0.0,
                    0.0
                ],
                [
                    0.0,
                    0.0,
                    1.0,
                    0.0
                ],
                [
                    0.0,
                    0.0,
                    0.0,
                    1.0
                ]
            ],
            "camera_type": "colmap",
            "device_row": {
                "cam_uid": "gp03",
                "graph_uid": "07a99a9c-d98f-fb3e-fa91-d3ba5666ee26",
                "tx_world_cam": -0.488663,
                "ty_world_cam": -1.991669,
                "tz_world_cam": 0.588011,
                "qx_world_cam": -0.773022,
                "qy_world_cam": 0.443482,
                "qz_world_cam": -0.220693,
                "qw_world_cam": 0.396302,
                "image_width": 3840,
                "image_height": 2160,
                "intrinsics_type": "KANNALABRANDTK3",
                "intrinsics_0": 1774.821777,
                "intrinsics_1": 1774.821777,
                "intrinsics_2": 1920.0,
                "intrinsics_3": 1080.0,
                "intrinsics_4": 0.036902,
                "intrinsics_5": 0.057131,
                "intrinsics_6": -0.057154,
                "intrinsics_7": 0.018458,
                "start_frame_idx": -1,
                "end_frame_idx": -1
            }
        },
        "_raw_camera": {
            "cam_uid": "gp03",
            "graph_uid": "07a99a9c-d98f-fb3e-fa91-d3ba5666ee26",
            "tx_world_cam": -0.488663,
            "ty_world_cam": -1.991669,
            "tz_world_cam": 0.588011,
            "qx_world_cam": -0.773022,
            "qy_world_cam": 0.443482,
            "qz_world_cam": -0.220693,
            "qw_world_cam": 0.396302,
            "image_width": 3840,
            "image_height": 2160,
            "intrinsics_type": "KANNALABRANDTK3",
            "intrinsics_0": 1774.821777,
            "intrinsics_1": 1774.821777,
            "intrinsics_2": 1920.0,
            "intrinsics_3": 1080.0,
            "intrinsics_4": 0.036902,
            "intrinsics_5": 0.057131,
            "intrinsics_6": -0.057154,
            "intrinsics_7": 0.018458,
            "start_frame_idx": -1,
            "end_frame_idx": -1
        }
    },
    "gp04_0": {
        "frame_path": "gp04_0/012960.jpg",
        "frame_number": 12960,
        "capture_frame_number": 67202,
        "t": null,
        "camera_data": {
            "name": "gp04",
            "center": [
                -0.681661,
                -1.111523,
                0.320905
            ],
            "T_device_world": [
                [
                    -0.1700640106299232,
                    -0.9854273737191677,
                    0.002897307063050831,
                    -1.212180954591523
                ],
                [
                    -0.3871032537903934,
                    0.06410312836238372,
                    -0.9198041514251084,
                    0.10254866167780294
                ],
                [
                    0.9062155230231735,
                    -0.15754839637050388,
                    -0.3923629456559204,
                    0.568524344536281
                ],
                [
                    0.0,
                    0.0,
                    0.0,
                    1.0
                ]
            ],
            "T_world_device": [
                [
                    -0.17006605511999995,
                    -0.3871032324279999,
                    0.906218159924,
                    -0.681661
                ],
                [
                    -0.9854297933479998,
                    0.06410149304000001,
                    -0.15754778272400005,
                    -1.111523
                ],
                [
                    0.0028962586840000637,
                    -0.919806647564,
                    -0.39236537857599985,
                    0.320905
                ],
                [
                    0.0,
                    0.0,
                    0.0,
                    1.0
                ]
            ],
            "T_device_camera": [
                [
                    1.0,
                    0.0,
                    0.0,
                    0.0
                ],
                [
                    0.0,
                    1.0,
                    0.0,
                    0.0
                ],
                [
                    0.0,
                    0.0,
                    1.0,
                    0.0
                ],
                [
                    0.0,
                    0.0,
                    0.0,
                    1.0
                ]
            ],
            "T_camera_device": [
                [
                    1.0,
                    0.0,
                    0.0,
                    0.0
                ],
                [
                    0.0,
                    1.0,
                    0.0,
                    0.0
                ],
                [
                    0.0,
                    0.0,
                    1.0,
                    0.0
                ],
                [
                    0.0,
                    0.0,
                    0.0,
                    1.0
                ]
            ],
            "camera_type": "colmap",
            "device_row": {
                "cam_uid": "gp04",
                "graph_uid": "07a99a9c-d98f-fb3e-fa91-d3ba5666ee26",
                "tx_world_cam": -0.681661,
                "ty_world_cam": -1.111523,
                "tz_world_cam": 0.320905,
                "qx_world_cam": -0.538098,
                "qy_world_cam": 0.637678,
                "qz_world_cam": -0.422374,
                "qw_world_cam": 0.354145,
                "image_width": 3840,
                "image_height": 2160,
                "intrinsics_type": "KANNALABRANDTK3",
                "intrinsics_0": 1773.419189,
                "intrinsics_1": 1773.419189,
                "intrinsics_2": 1920.0,
                "intrinsics_3": 1080.0,
                "intrinsics_4": 0.036902,
                "intrinsics_5": 0.057131,
                "intrinsics_6": -0.057154,
                "intrinsics_7": 0.018458,
                "start_frame_idx": -1,
                "end_frame_idx": -1
            }
        },
        "_raw_camera": {
            "cam_uid": "gp04",
            "graph_uid": "07a99a9c-d98f-fb3e-fa91-d3ba5666ee26",
            "tx_world_cam": -0.681661,
            "ty_world_cam": -1.111523,
            "tz_world_cam": 0.320905,
            "qx_world_cam": -0.538098,
            "qy_world_cam": 0.637678,
            "qz_world_cam": -0.422374,
            "qw_world_cam": 0.354145,
            "image_width": 3840,
            "image_height": 2160,
            "intrinsics_type": "KANNALABRANDTK3",
            "intrinsics_0": 1773.419189,
            "intrinsics_1": 1773.419189,
            "intrinsics_2": 1920.0,
            "intrinsics_3": 1080.0,
            "intrinsics_4": 0.036902,
            "intrinsics_5": 0.057131,
            "intrinsics_6": -0.057154,
            "intrinsics_7": 0.018458,
            "start_frame_idx": -1,
            "end_frame_idx": -1
        }
    },
    "gp05_0": {
        "frame_path": "gp05_0/012960.jpg",
        "frame_number": 12960,
        "capture_frame_number": 67262,
        "t": null,
        "camera_data": {
            "name": "gp05",
            "center": [
                0.39679,
                -1.684496,
                0.741955
            ],
            "T_device_world": [
                [
                    -0.8635825861985849,
                    0.5025313371767186,
                    -0.04106886569039674,
                    1.2196442119698887
                ],
                [
                    0.48893447829146025,
                    0.8545381889075783,
                    0.17523556550559022,
                    1.1154449454160913
                ],
                [
                    0.12315629302465332,
                    0.13125045765857568,
                    -0.9836691914463418,
                    0.9020619603543585
                ],
                [
                    0.0,
                    0.0,
                    0.0,
                    1.0
                ]
            ],
            "T_world_device": [
                [
                    -0.8635833038160001,
                    0.48893466394000007,
                    0.123156372184,
                    0.39679
                ],
                [
                    0.5025315333160001,
                    0.8545381328939999,
                    0.1312504997,
                    -1.684496
                ],
                [
                    -0.04106891324,
                    0.17523564148399998,
                    -0.9836699553060001,
                    0.741955
                ],
                [
                    0.0,
                    0.0,
                    0.0,
                    1.0
                ]
            ],
            "T_device_camera": [
                [
                    1.0,
                    0.0,
                    0.0,
                    0.0
                ],
                [
                    0.0,
                    1.0,
                    0.0,
                    0.0
                ],
                [
